3 16 3855
256 15 1 
0.592503 -0.128877 -0.330600 -0.267491 0.263404 0.292740 0.543465 -0.034088 -0.243669 -0.051099 0.686445 0.154741 0.165868 0.618009 -0.050746 0.423714 
0.394383
0.783099
0.798440
0.911647
0.197551
0.335223
0.768230
0.277775
0.553970
0.477397
0.628871
0.364784
0.513401
0.952230
0.916195
0.635712
0.717297
0.141603
0.606969
0.016301
0.242887
0.137232
0.804177
0.156679
0.400944
0.129790
0.108809
0.998924
0.218257
0.512932
0.839112
0.612640
0.296032
0.637552
0.524287
0.493583
0.972775
0.292517
0.771358
0.526745
0.769914
0.400229
0.891529
0.283315
0.352458
0.807725
0.919026
0.069755
0.949327
0.525995
0.086056
0.192214
0.663227
0.890233
0.348893
0.064171
0.020023
0.457702
0.063096
0.238280
0.970634
0.902208
0.850920
0.266666
0.539760
0.375207
0.760249
0.512535
0.667724
0.531606
0.039280
0.437638
0.931835
0.930810
0.720952
0.284293
0.738534
0.639979
0.354049
0.687861
0.165974
0.440105
0.880075
0.829201
0.330337
0.228968
0.893372
0.350360
0.686670
0.956468
0.588640
0.657304
0.858676
0.439560
0.923970
0.398437
0.814767
0.684219
0.910972
0.482491
0.215825
0.950252
0.920128
0.147660
0.881062
0.641081
0.431953
0.619596
0.281055
0.786002
0.307458
0.447034
0.226107
0.187533
0.276235
0.556444
0.416501
0.169607
0.906804
0.103171
0.126075
0.495444
0.760475
0.984747
0.935004
0.684445
0.383188
0.749771
0.368664
0.294160
0.232262
0.584488
0.244413
0.152390
0.732149
0.125475
0.793470
0.164102
0.745071
0.074530
0.950104
0.052529
0.521563
0.176211
0.240062
0.797798
0.732654
0.656564
0.967405
0.639458
0.759735
0.093480
0.134902
0.520210
0.078232
0.069906
0.204655
0.461420
0.819677
0.573319
0.755581
0.051939
0.157807
0.999994
0.204329
0.889956
0.125468
0.997799
0.054058
0.870540
0.072329
0.004162
0.923069
0.593892
0.180372
0.163132
0.391690
0.913027
0.819695
0.359095
0.552485
0.579430
0.452576
0.687387
0.099640
0.530808
0.757294
0.304295
0.992228
0.576971
0.877614
0.747809
0.628910
0.035421
0.747803
0.833239
0.925377
0.873271
0.831038
0.979434
0.743811
0.903366
0.983596
0.666880
0.497259
0.163968
0.830012
0.888949
0.076995
0.649707
0.248044
0.629480
0.229137
0.700620
0.316867
0.328777
0.231428
0.074161
0.633072
0.223656
0.651132
0.510686
0.971466
0.280042
0.546107
0.719269
0.113281
0.471483
0.592540
0.944318
0.450918
0.336351
0.847684
0.434513
0.003231
0.344943
0.598481
0.833243
0.233892
0.675476
0.482950
0.481936
0.304956
0.712087
0.182556
0.621823
0.040864
0.413984
0.695984
0.673936
0.637640
0.347116
0.184622
0.609106
0.627158
0.730729
0.740438
0.202213
0.920914
0.684757
0.653130
0.257265
0.532441
0.087644
0.260497
0.877384
0.686125
0.093740
0.111276
0.361601
0.576690
0.593211
0.666557
0.288778
0.775767
0.288379
0.329642
0.189751
0.984363
0.003579
0.827391
0.331479
0.188201
0.436497
0.958637
0.918930
0.764871
0.699075
0.121143
0.685786
0.383832
0.774274
0.943051
0.916273
0.861917
0.203548
0.793657
0.548042
0.297288
0.904932
0.909643
0.873979
0.498144
0.576200
0.162757
0.273911
0.864579
0.492399
0.463662
0.848942
0.495977
0.291053
0.180421
0.684178
0.727550
0.139091
0.603025
0.492463
0.838129
0.724192
0.178224
0.221985
0.498540
0.121258
0.138232
0.360495
0.324790
0.931926
0.908505
0.622167
0.836828
0.818128
0.496074
0.334967
0.394327
0.658831
0.608883
0.258906
0.151230
0.072545
0.107848
0.647207
0.363598
0.288270
0.331386
0.091281
0.427091
0.934517
0.583434
0.265363
0.658773
0.761794
0.487427
0.157232
0.883003
0.625701
0.517545
0.207869
0.557593
0.426378
0.829939
0.394388
0.244327
0.326008
0.729360
0.638654
0.984845
0.338244
0.897560
0.136074
0.410788
0.005408
0.783282
0.774386
0.293680
0.114696
0.865473
0.721028
0.049152
0.449090
0.986473
0.707915
0.210893
0.473888
0.865178
0.093955
0.099556
0.382898
0.301771
0.657129
0.809130
0.131611
0.051562
0.053416
0.457653
0.780885
0.692096
0.442573
0.119105
0.589626
0.578691
0.529881
0.595076
0.361947
0.304358
0.888750
0.476246
0.169957
0.609602
0.525567
0.618944
0.596231
0.233642
0.829774
0.069743
0.099149
0.923569
0.169729
0.481893
0.225978
0.826769
0.290829
0.357193
0.878278
0.344251
0.814909
0.659146
0.036327
0.257469
0.778257
0.625964
0.836104
0.308157
0.221009
0.198021
0.612442
0.109733
0.674605
0.782262
0.719462
0.200352
0.401188
0.315658
0.434009
0.230996
0.385748
0.532846
0.154724
0.555398
0.014579
0.380215
0.382167
0.305408
0.737408
0.260445
0.649659
0.552316
0.919591
0.685986
0.809785
0.697848
0.311950
0.645889
0.006005
0.532960
0.843910
0.618447
0.642693
0.518515
0.400709
0.362154
0.718867
0.801897
0.677812
0.152876
0.032893
0.063561
0.685722
0.187616
0.618958
0.700301
0.567831
0.001125
0.005709
0.305239
0.261570
0.655368
0.857555
0.181161
0.341354
0.667341
0.879009
0.653305
0.313230
0.885014
0.186265
0.157139
0.503461
0.828957
0.675654
0.904170
0.191112
0.394521
0.706067
0.868924
0.547397
0.738959
0.932485
0.233119
0.926576
0.551451
0.933316
0.552602
0.939111
0.799555
0.814145
0.594510
0.657153
0.995263
0.935831
0.324564
0.874279
0.589152
0.637775
0.759335
0.775560
0.793591
0.263562
0.603904
0.469987
0.167058
0.795532
0.864941
0.872619
0.663930
0.412722
0.610924
0.596883
0.645669
0.538853
0.148582
0.577274
0.033522
0.700764
0.517333
0.832664
0.515111
0.112488
0.489454
0.509674
0.048677
0.814131
0.384538
0.637715
0.452489
0.144376
0.407374
0.247744
0.406618
0.013450
0.717595
0.573736
0.813162
0.583816
0.443330
0.476945
0.995778
0.058466
0.074570
0.644120
0.597996
0.219372
0.206113
0.630235
0.922703
0.738642
0.464090
0.436813
0.849078
0.950851
0.948759
0.898196
0.766403
0.333964
0.522939
0.186368
0.535582
0.849570
0.474364
0.904244
0.962735
0.170784
0.451750
0.778276
0.786971
0.883016
0.283391
0.743291
0.949290
0.218704
0.363829
0.601249
0.279625
0.623138
0.218064
0.473563
0.341923
0.644954
0.912223
0.213251
0.594073
0.870621
0.096025
0.361985
0.148176
0.630885
0.589903
0.200148
0.594032
0.057191
0.562363
0.564206
0.240674
0.017242
0.340612
0.010025
0.919978
0.600516
0.769974
0.888153
0.932602
0.181310
0.226284
0.490173
0.794043
0.637053
0.966230
0.152762
0.288305
0.883119
0.366167
0.900035
0.744578
0.473511
0.269461
0.944466
0.126254
0.870294
0.628639
0.718862
0.920312
0.181381
0.279366
0.164462
0.205612
0.618369
0.178287
0.120257
0.221592
0.927562
0.016632
0.153777
0.134279
0.460696
0.646847
0.915882
0.103160
0.612792
0.067388
0.390945
0.499226
0.431782
0.293885
0.245910
0.915761
0.566245
0.189503
0.035418
0.431756
0.813749
0.753410
0.356433
0.997891
0.035371
0.522864
0.201230
0.661554
0.699781
0.327787
0.889411
0.646712
0.341482
0.050168
0.766701
0.803330
0.698713
0.681922
0.904187
0.312940
0.752479
0.297933
0.809371
0.189064
0.591111
0.053439
0.101454
0.157275
0.244149
0.136171
0.589119
0.058052
0.889553
0.945502
0.056022
0.925220
0.469050
0.256969
0.587011
0.168837
0.584585
0.476355
0.815549
0.926068
0.526523
0.582250
0.729398
0.225236
0.264172
0.633585
0.538175
0.016651
0.931518
0.347546
0.205714
0.522629
0.400985
0.307168
0.679904
0.645134
0.443339
0.269022
0.703186
0.332892
0.214524
0.759208
0.258112
0.683574
0.016177
0.845123
0.852411
0.600781
0.321300
0.667995
0.526770
0.847897
0.250258
0.256270
0.073182
0.514341
0.889765
0.611435
0.530978
0.821329
0.958963
0.736772
0.344065
0.358532
0.044660
0.004591
0.486662
0.292944
0.708284
0.820032
0.507030
0.466953
0.078414
0.189756
0.483620
0.923409
0.043704
0.084204
0.243975
0.710959
0.611519
0.093270
0.961517
0.867376
0.167090
0.476379
0.757307
0.776689
0.007825
0.578356
0.736129
0.743330
0.922923
0.091656
0.786376
0.948340
0.099989
0.275139
0.239717
0.810066
0.095072
0.744292
0.276650
0.173192
0.937681
0.760639
0.082488
0.980312
0.857570
0.308567
0.697931
0.461841
0.434325
0.653727
0.321154
0.599501
0.140824
0.075758
0.394087
0.131705
0.659799
0.062827
0.865193
0.614625
-0.102471
0.677891
0.548725
0.311068
0.939549
0.770951
0.124836
0.054661
0.502983
0.422518
0.205330
0.449369
0.084677
0.252975
0.470098
-0.815093
0.651610
0.173213
0.456693
0.066550
0.785125
0.789664
0.683359
0.908566
0.871939
0.058658
0.040903
0.509571
0.138328
0.961695
-0.673739
0.391444
0.620199
0.634130
0.689441
0.540828
0.415466
0.827903
0.564053
0.934308
0.211698
0.776641
0.323731
0.368806
0.132729
0.610419
0.395780
0.756284
0.931614
0.846549
0.834953
0.719766
0.637917
0.504422
0.641180
0.496312
0.573558
0.634559
0.029259
0.758876
0.599185
0.140472
0.143356
0.192616
0.777143
0.843139
0.734509
0.185286
0.663816
0.313327
0.102171
0.885554
0.097967
0.482703
0.268232
0.213519
0.287468
0.655359
0.948139
0.223487
0.505231
0.775804
0.934616
0.147532
0.292567
0.561310
0.644654
0.876142
0.234764
0.672649
0.632675
0.833279
0.812517
0.774176
0.029722
0.590628
0.619143
0.764390
0.775300
0.284228
0.077329
0.880511
0.175522
0.178987
0.359786
0.443043
0.378710
0.647522
0.100686
0.325711
0.869440
0.607600
0.104174
0.805789
0.749719
0.398775
0.366796
0.394239
0.272189
0.599644
0.068235
0.901549
0.432199
0.881232
0.674850
0.460652
0.471639
0.292432
0.224415
0.246071
0.576721
0.301169
0.126080
0.749443
0.480155
0.485866
0.192486
0.858866
0.133388
0.293171
0.184577
0.002828
0.900772
0.288752
0.808617
0.650491
0.687527
0.175413
0.044729
0.959716
0.775058
0.112964
0.861265
0.207257
0.994196
0.536115
0.667908
0.465835
0.828546
0.892324
0.711906
0.405267
0.193493
0.838049
0.153966
0.673793
0.323792
0.346951
0.532958
0.457467
0.640358
0.717063
0.459886
0.541928
0.005432
0.268714
0.191880
0.693837
0.444510
0.233680
0.654604
0.218199
0.347865
0.514693
0.426647
0.343085
0.048874
0.092509
0.809598
0.877059
0.986613
0.521577
0.284737
0.181069
0.352265
0.441211
0.852782
0.783672
0.386855
0.141009
0.425843
0.101068
0.597090
0.968287
0.106210
0.868834
0.160372
0.803574
0.314977
0.382722
0.456224
0.532861
0.741514
0.971145
0.959446
0.088154
0.021005
0.047667
0.897268
0.898220
0.039599
0.421133
0.189874
0.216625
0.771658
0.423486
0.073213
0.459378
0.410309
0.459681
0.600073
0.833551
0.558140
0.206931
0.797854
0.673730
0.073057
0.969527
0.452241
0.393169
-0.318976
0.931068
0.922681
0.101575
0.897009
0.875763
0.192935
0.921840
0.928164
0.083793
0.820454
0.965422
0.506823
-0.049947
0.216414
-0.655355
0.625887
0.305632
0.742162
0.018571
0.722364
0.347046
0.868507
0.284752
0.550611
0.669709
0.949523
0.603450
0.596947
0.454793
-0.782338
0.998366
0.387920
0.920313
0.089981
0.265662
0.808616
0.292022
0.176078
0.737125
0.374409
-0.000159
0.661365
0.890137
0.027957
0.856063
0.181905
0.641065
0.151778
0.926933
0.678481
0.870280
0.271928
0.548217
0.158757
0.826758
0.225389
0.106314
0.459210
0.852301
0.553765
0.461332
0.854250
0.912624
0.393647
0.955977
0.170203
0.183360
0.254257
0.353425
0.919124
0.631358
0.377608
0.617755
0.513613
0.368499
0.501943
0.692944
0.018824
0.649880
0.618965
0.694292
0.518833
0.895410
0.238458
0.675309
0.724072
0.468371
0.788935
0.181681
0.332659
0.342287
0.640089
0.183179
0.244256
0.022662
0.140319
0.418563
0.213831
0.385466
0.777966
0.130434
0.013475
0.144946
0.745154
0.530552
0.523745
0.246990
0.224643
0.541743
0.897055
0.844113
0.235435
0.417174
0.739467
0.476850
0.092494
0.463442
0.941243
0.880725
0.640098
0.266420
0.214741
0.278005
0.448423
0.458269
0.302580
0.586537
0.875932
0.514849
0.971818
0.653760
0.644512
0.984980
0.798706
0.389667
0.515532
0.322451
0.636656
0.740175
0.864194
0.533712
0.584288
0.099629
0.950885
0.323755
0.576479
0.043379
0.787197
0.517722
0.924104
0.427295
0.784142
0.138845
0.705300
0.232565
0.597113
0.007880
0.819102
0.473045
0.522729
0.790920
0.126805
0.167394
0.775340
0.925695
0.556804
0.290977
0.248246
0.193706
0.031639
0.112119
0.727128
0.616080
0.211442
0.678181
0.939692
0.788403
0.722161
0.722310
0.308419
0.644302
0.151418
0.090709
0.784802
0.858097
0.318250
0.378663
0.867765
0.137957
0.854239
0.390506
0.933666
0.981910
0.551786
0.709783
0.905943
0.110242
0.000699
0.155511
0.306818
0.028918
0.264532
0.036294
0.645588
0.478272
0.713503
0.588811
0.267512
0.424572
0.276181
0.573358
0.076266
0.663220
0.864758
0.326402
0.984297
0.241107
0.194555
0.127613
0.100204
0.585096
0.064197
0.070883
0.144127
0.402568
0.988518
0.254958
0.766862
0.142355
0.560572
0.798901
0.404801
0.598729
0.442413
0.889594
0.312003
0.036214
0.170140
0.717744
0.200470
0.722799
0.813553
0.826635
0.406114
0.685715
0.130077
0.362710
0.947207
0.309372
0.509770
0.052265
0.942155
0.551110
0.087892
-0.429809
0.323124
0.117548
0.331081
0.106033
0.233966
0.866475
0.891270
0.684110
0.455538
0.355047
0.564293
0.804546
0.369794
0.722937
-0.073413
0.735480
0.437792
0.380647
0.559395
0.827581
0.047137
0.690491
0.225257
-0.021763
0.042229
0.728360
0.042441
0.977189
0.274081
0.173969
0.030191
0.621490
0.287606
0.368175
0.731025
0.522918
0.236091
0.653305
0.186153
0.738335
0.012029
0.774165
0.542240
0.381109
0.502400
0.082034
0.127649
0.929927
0.463112
0.687653
0.762764
0.522087
0.398159
0.984225
0.534381
0.442966
0.723135
0.583716
0.393211
0.036255
0.746390
0.439138
0.648208
0.030643
0.796721
0.376454
0.563864
0.058447
0.012713
0.774369
0.793237
0.044231
0.540217
0.344443
0.429527
0.032476
0.420149
0.563434
0.948804
0.876213
0.259053
0.722736
0.398574
0.657137
0.708407
0.933123
0.086223
0.424774
0.512941
0.497847
0.438924
0.261883
0.943081
0.086596
0.292207
0.749230
0.474063
0.860587
0.804641
0.508369
0.635246
0.596952
0.544885
0.174830
0.926294
0.974499
0.195538
0.340026
0.537660
0.144246
0.213122
0.792566
0.861759
0.613046
0.442789
0.568754
0.546222
0.532218
0.993528
0.059163
0.030065
0.432452
0.321047
0.973147
0.519048
0.613254
0.722377
0.993110
0.473841
0.527017
0.501480
0.109087
0.123969
0.046365
0.283917
0.050263
0.020864
0.479455
0.390289
0.558524
0.623701
0.603411
0.351090
0.485460
0.216457
0.793878
0.054214
0.762712
0.325538
0.047804
0.821776
0.355909
0.480202
0.142953
0.329240
0.999203
0.756012
0.051716
0.992316
0.229975
0.578715
0.493849
0.339693
0.699522
0.541746
0.622299
0.751024
0.561496
0.102814
0.141775
0.115564
0.724209
0.746968
0.468357
0.211181
0.963277
0.265299
0.268229
0.717046
0.596645
0.310944
0.542593
0.948106
0.794714
0.687942
0.269759
0.788882
0.449301
0.322424
0.785063
0.677829
0.910212
0.281219
-0.005554
0.589330
0.815584
0.628554
0.361006
0.380112
0.732952
0.496402
0.481410
0.469894
0.242361
0.969356
0.678714
0.220779
0.242795
0.927330
0.925072
0.818835
0.237870
0.490607
0.055026
0.165063
0.023924
0.824859
0.630609
0.361744
0.626656
0.305792
0.297557
0.918516
0.286176
0.923080
0.719101
0.942049
0.255896
0.119569
0.691472
0.749073
0.601832
0.170706
-0.027893
0.573910
0.847359
0.236314
0.790175
0.796699
-0.394667
0.630655
0.065207
0.656578
0.403629
0.079436
0.825984
0.450147
0.944590
0.437348
0.833662
0.573118
0.755298
0.128487
0.474206
-0.430319
0.004075
0.196646
0.053525
0.278135
0.306376
0.717774
0.010353
0.940225
0.883782
0.044011
0.519318
0.757606
0.282535
0.294211
0.571242
0.429242
0.958473
0.586976
0.100576
0.372249
0.665743
0.918604
0.852158
0.605112
0.389771
0.691510
0.216925
0.152236
0.801754
0.692365
0.230418
0.818639
0.893402
0.269517
0.087029
0.207555
-0.000952
0.119747
0.141917
0.903054
0.161680
0.659823
0.648481
0.442761
0.977596
0.193820
0.872514
0.951641
0.759165
0.956050
0.344826
0.446078
0.878657
0.187652
0.063133
0.266806
0.857213
0.257865
0.412055
0.672669
0.934890
0.644830
0.490279
0.829951
0.914718
0.578100
0.040693
0.920793
0.696186
0.191089
0.823299
0.861529
0.848023
0.470325
0.287181
0.832225
0.650421
0.150099
0.784295
0.410011
0.104331
0.118126
0.847953
0.984927
0.296440
0.908109
0.252535
0.158587
0.164692
0.670024
0.827056
0.101446
0.318191
0.316653
0.931014
0.234441
0.896618
0.975380
0.153923
0.595963
0.165882
0.976798
0.455442
0.013905
0.447123
0.742623
0.846130
0.097544
0.892721
0.630424
0.507555
0.997052
0.748551
0.355508
0.981980
0.044991
0.263617
0.234514
0.203578
0.428309
0.904539
0.030634
0.529754
0.222729
0.347287
0.460768
0.457171
0.243905
0.436149
0.611093
0.839868
0.602030
0.587954
0.296147
0.616418
0.035053
0.037798
0.462104
0.132679
0.930601
0.092464
0.639741
0.927690
0.840922
0.995598
0.909617
0.885936
0.260270
0.138900
0.091307
0.686976
0.044815
0.120640
0.217751
0.269696
0.463575
0.675920
0.729390
0.708970
0.113673
0.340013
0.552454
0.721965
0.892498
0.868144
0.315282
0.944347
0.883807
0.796044
0.069400
0.786017
0.850416
0.742085
0.714649
0.723966
0.733408
0.659769
0.618543
0.968681
0.805955
0.695442
0.655100
0.838704
0.821270
0.883230
0.093386
0.270960
0.574189
0.832243
-0.005705
0.687039
0.186471
0.556234
0.382996
0.132935
0.391836
0.718675
0.067693
0.282139
0.515383
0.147323
0.082740
0.412593
0.898636
0.835175
0.143057
0.629363
0.510434
0.721189
0.658942
0.273524
0.429843
0.320447
0.156870
0.185612
0.232163
0.556349
0.786693
0.049629
0.577717
0.469067
0.316775
0.117074
0.852414
-0.141163
0.513975
0.605232
0.479927
0.812222
0.091577
0.610084
0.897081
0.554274
0.497213
0.756038
0.693073
0.193004
0.247245
0.464397
0.284314
0.555623
0.913762
0.131990
0.691786
0.194302
0.324183
0.947975
0.767064
0.089175
0.046799
0.354232
0.558216
0.338948
0.458985
0.467486
0.727556
0.000551
0.024657
0.211225
0.824781
0.123703
0.839296
0.761775
0.682069
0.403183
0.524334
0.399190
0.592999
0.783990
0.835291
0.411652
0.326412
0.744594
0.526064
0.013433
0.939867
0.847139
0.957817
0.709790
0.941664
0.003781
0.065439
0.496104
0.328178
0.551316
0.912863
0.061168
0.567756
0.930981
0.265203
0.401072
0.073416
0.118022
0.157249
0.771063
0.518858
0.681096
0.155391
0.107957
0.456651
0.988094
0.514226
0.783055
0.732169
0.040906
0.798209
0.671163
0.888859
0.757409
0.384524
0.830130
0.761096
0.448881
0.325518
0.094923
0.998142
0.238873
0.158316
0.565959
0.169748
0.425894
0.971047
0.247685
0.543165
0.132400
0.018933
0.061761
0.812189
0.174222
0.170368
0.268351
0.162573
0.684893
0.051382
0.894711
0.726169
0.849856
0.566728
0.614968
0.607427
0.951267
0.445079
0.368455
0.400148
0.770597
0.463378
0.398290
0.009470
0.621694
0.964248
0.179218
0.047588
0.935296
0.426904
0.590753
0.067696
0.445836
0.652514
0.879885
0.620058
0.822882
0.148236
0.782631
0.507775
0.199617
0.677342
0.233944
0.049473
0.244069
0.848912
0.656900
0.195336
0.294212
0.024200
0.596204
0.064406
0.488052
0.993800
0.074166
0.109846
0.956861
0.251814
0.158407
0.892630
0.680085
0.748779
0.961071
0.132628
0.366994
0.861597
0.730251
0.205939
0.988663
0.530925
0.708477
0.159294
0.169662
0.972465
0.209714
0.446672
0.817294
0.901663
0.642877
0.110445
0.917015
0.236910
0.167852
0.398962
0.229183
0.242499
0.516672
0.192027
0.495117
0.675159
0.079210
0.177307
0.409882
0.054517
0.252157
0.853027
0.875204
0.016701
0.053160
0.878074
0.560290
0.747727
0.027796
0.796849
0.731573
0.298364
0.241329
0.578637
0.205295
0.874927
0.687471
0.113497
0.112359
0.850280
0.532843
0.359075
0.089013
0.035671
0.554260
0.582153
0.724928
0.640860
0.779660
0.175231
0.635815
0.058858
0.963202
0.535537
0.144062
0.049208
0.415762
0.683075
0.790716
0.525118
0.465066
0.564445
0.820041
0.769205
0.108790
-0.020678
0.106827
0.780408
0.116132
0.749382
0.643409
0.634452
0.706202
0.682888
0.664650
0.291396
0.426142
0.299831
0.100149
0.586991
0.964001
-0.292897
0.563886
0.535432
0.343892
0.612805
-0.019939
0.012591
0.406423
0.531164
0.519275
0.989066
0.350853
0.318973
0.122755
0.353914
0.931770
0.923511
0.493746
0.675191
0.573871
0.161273
0.778486
0.311234
0.884675
0.432469
0.655566
0.326647
0.746689
0.770872
0.917201
0.730437
0.966106
0.493092
0.282962
0.299834
0.099158
0.284468
0.346501
0.526285
0.808147
0.904884
0.515166
0.154186
0.202931
0.633391
0.513903
0.126361
0.556466
0.012266
0.800725
0.129006
0.177132
0.583199
0.446812
0.061324
0.028408
0.102509
0.387487
0.771651
0.872243
0.307815
0.497941
0.840049
0.802675
0.781016
0.140261
0.905116
0.069083
0.490964
0.431196
0.880690
0.396011
0.946584
0.033148
0.598775
0.580872
0.546172
0.725354
0.137874
0.558473
0.526062
0.267611
0.737611
0.110183
0.714233
0.799678
0.138684
0.816667
0.186951
0.910262
0.689509
0.494317
0.408414
0.529918
0.296980
0.189401
0.670602
0.202326
0.259345
0.161494
0.633734
0.140080
0.557481
0.580261
0.173228
0.156257
0.161133
0.719400
0.881611
0.299007
0.277873
0.407673
0.566618
0.015484
0.517856
0.280851
0.815162
0.656539
0.097518
0.002113
0.566801
0.787027
0.496430
0.975215
0.316945
0.793410
0.164617
0.987547
0.995737
0.423962
0.149041
0.629471
0.564042
0.708022
0.203998
0.743709
0.862148
0.365807
0.457794
0.745832
0.667837
0.730059
0.147043
0.238604
0.746477
0.669532
0.518211
0.568152
0.325454
0.603356
0.575608
0.886573
0.387422
0.051909
0.864255
0.704562
0.840107
0.012699
0.701870
0.841508
0.447216
0.852464
0.469468
0.023972
0.543236
0.705369
0.752479
0.413379
0.063660
0.216127
0.159755
0.717246
0.937641
0.325233
0.963632
0.697656
0.992186
0.491741
0.270418
0.289753
0.103548
0.827415
0.194836
0.504811
0.897264
0.072365
0.212790
0.740682
0.118831
0.919156
0.604967
0.571518
0.791174
0.092823
0.576781
0.353348
0.775876
0.328722
0.767014
0.840955
0.551446
0.927520
0.568157
0.504098
0.252927
0.542555
0.208565
0.259573
0.039041
0.452057
0.453157
0.127300
0.302960
0.784668
0.643752
0.197781
0.857391
0.857965
0.957572
0.953737
0.786511
0.566672
0.552081
0.568622
0.624901
-0.221630
0.902735
0.407855
0.496944
0.692639
0.248975
-0.008922
0.595081
0.868672
0.515561
0.884596
0.410966
0.790477
0.130194
0.419469
-0.176114
0.707924
0.555864
0.562649
0.493176
0.188817
0.755915
0.047237
0.727287
0.308685
0.847097
0.293634
0.871822
0.420941
0.939095
1.004326
0.332458
0.370079
0.477784
0.026727
0.643815
0.513944
0.650127
0.505249
0.067824
0.542075
0.901869
0.854836
0.683789
0.328944
0.105226
0.393552
0.892975
0.660440
0.885929
0.093054
0.423160
0.234359
0.153926
0.146708
0.559207
0.000638
0.438457
0.423640
0.419886
0.378388
0.422361
0.756529
0.753201
0.897501
0.781157
0.404606
0.420419
0.432412
0.908060
0.500251
0.975846
0.807581
0.351866
0.659312
0.138900
0.452895
0.053611
0.032740
0.113213
0.939112
0.126782
0.538482
0.175503
0.280157
0.687764
0.734834
0.280600
0.125433
0.158607
0.699784
0.504399
0.578825
0.455477
0.257778
0.476366
0.236071
0.661914
0.896026
0.669759
0.569198
0.396091
0.645693
0.377377
0.747942
0.305080
0.516203
0.200847
0.358727
0.548938
0.314054
0.297849
0.675750
0.852622
0.473345
0.955938
0.540389
0.208175
0.236531
0.665822
0.366783
0.936315
0.170221
0.945608
0.391792
0.427999
0.421975
0.627863
0.089914
0.318000
0.297622
0.659112
0.714091
0.943315
0.036489
0.462033
0.248395
0.552692
0.662880
0.607122
0.101630
0.976935
0.904971
0.777380
0.829557
0.378316
0.733318
0.369946
0.594235
0.925430
0.071806
0.937110
0.879310
0.208335
0.902389
0.268470
0.596093
0.272314
0.934975
0.688314
0.633994
0.230391
0.399697
0.355500
0.156686
0.430713
0.813245
0.409656
0.973621
0.478870
0.017204
0.059597
0.449159
0.928842
0.846079
0.283476
0.307335
0.587762
0.652108
0.883903
0.510528
0.685963
0.840995
0.456669
0.890038
0.742023
0.752184
0.523607
0.060442
0.687442
0.249506
0.696598
0.904206
0.626995
0.048361
0.049539
0.057147
0.867957
0.481900
0.021776
0.347109
0.507857
0.095668
0.789685
0.453557
0.949761
0.080441
0.737516
0.539053
0.742350
0.627432
0.092809
0.428819
0.483639
0.555286
0.326601
0.221923
0.310164
0.858073
0.293177
0.996763
0.115965
0.997177
0.909117
0.721978
-0.050246
0.971735
0.790071
0.928370
0.475556
0.823773
0.249378
0.971814
0.942937
0.043826
0.417786
0.894724
0.186828
0.160822
0.428254
0.538452
0.798074
0.512825
0.354339
0.287547
0.065111
0.657173
0.495115
0.392563
0.524579
0.798490
0.391679
0.651327
0.779206
0.279650
-0.042840
0.847676
0.263258
0.203195
0.769900
0.729394
0.033721
0.038796
0.714384
0.973331
0.123216
0.133101
0.869203
0.292231
0.282605
0.300856
0.198830
0.092020
0.820126
0.544065
0.376912
0.894099
0.215899
0.283963
0.747202
0.686550
0.664234
0.397717
0.482742
0.951057
0.790897
0.330155
0.215252
0.992839
0.102138
0.948003
0.029710
0.146318
0.660649
0.005511
0.271177
0.791879
0.873300
0.562002
0.084904
0.171373
0.762489
0.181301
0.988682
0.307638
0.559711
0.882482
0.524245
0.446871
0.162951
0.274267
0.133699
0.829048
0.669227
0.615832
0.779703
0.459536
0.946409
0.995306
0.452415
0.048280
0.943437
0.482682
0.195805
0.603836
0.488733
0.466904
0.395798
0.361644
0.028757
0.482426
0.531254
0.791725
0.664438
0.519860
0.099258
0.224338
0.402864
0.624136
0.670987
0.567269
0.898471
0.804625
0.395990
0.567648
0.420787
0.175605
0.027284
0.367180
0.170857
0.479688
0.415526
0.114316
0.962518
0.611279
0.718300
0.451258
0.078135
0.114054
0.812902
0.106892
0.596480
0.344156
0.898617
0.260918
0.864016
0.997875
0.485257
0.266880
0.622011
0.156244
0.834149
0.520482
0.960868
0.230139
0.088130
0.381656
0.405744
0.115414
0.748836
0.576601
0.595102
0.164362
0.690917
0.557619
0.775641
0.409217
0.008877
0.852515
0.512790
0.831181
0.959341
0.109592
0.163470
0.859165
0.372206
0.020362
0.845616
0.867699
0.289858
0.475695
0.022107
0.130938
0.994629
0.989736
0.302726
0.091217
0.366110
0.760688
0.194381
0.114996
0.346134
0.801918
0.264992
0.046006
0.352304
0.044333
0.438253
0.359818
0.907459
0.971696
0.189241
0.866550
0.086548
0.354186
0.725888
0.466327
0.378681
0.583262
0.334402
0.679224
0.064368
0.355514
0.807088
0.068493
0.340948
0.180752
0.153525
0.702767
0.938372
0.356442
0.818781
0.282989
0.148427
0.103777
0.317538
0.507871
0.145652
0.758452
0.872911
-0.056696
0.727975
0.061848
0.923363
0.812875
0.407086
0.646925
0.279987
0.794062
0.229699
0.614929
0.474063
0.296271
0.969605
0.283913
0.167277
0.306403
0.443425
0.516251
0.016590
0.390181
0.859645
0.821169
0.680591
0.005188
0.920038
0.992338
0.532247
0.060967
0.754061
0.017802
0.123307
0.480031
0.465593
0.050270
0.285303
0.871135
0.695611
0.574126
0.661792
0.934716
0.189547
0.147228
0.215906
0.147229
0.026286
0.591770
0.461603
0.882011
0.103943
0.470006
0.274874
0.972581
0.300921
0.948162
0.993447
0.220660
0.943794
0.524985
0.285555
0.701752
0.923999
0.414238
0.176659
0.388161
0.465403
0.462857
0.256029
0.168635
0.033821
0.927728
0.102161
0.226544
0.069282
0.330789
0.376458
0.495135
0.926447
0.837498
0.377708
0.033977
0.309346
0.653037
0.009546
0.605005
0.003808
0.831397
0.549797
0.526588
0.121553
0.244873
0.450147
0.539250
0.417447
0.835451
0.004661
0.881187
0.093105
0.169817
0.916903
0.020285
0.268666
0.138809
0.089162
0.600458
0.514119
0.584486
0.527232
0.351547
0.962110
0.561706
0.661515
0.615869
0.571073
0.271193
0.221528
0.574927
0.102582
0.770774
0.101377
0.225375
0.015051
0.551721
0.764924
0.432364
0.387067
0.769862
0.313885
0.480826
0.939454
0.231253
0.501173
0.208012
0.369793
0.590334
0.808488
0.883896
0.174850
0.335712
0.235453
0.136962
0.897424
0.896971
0.752861
0.468488
0.168225
0.974398
0.043415
0.270803
0.745172
0.144791
0.496178
0.760223
0.696513
0.261102
0.192586
0.083580
0.030963
0.506471
0.564406
0.970417
0.737724
0.065579
0.178436
0.107502
0.655967
0.986917
0.991407
0.830765
0.322630
0.226835
0.967707
0.220006
0.123839
0.720569
0.688542
0.292067
0.694993
0.731215
0.563704
0.419864
0.876675
0.058054
0.198607
0.571792
0.319342
0.392554
0.656346
0.350148
0.898885
0.220225
0.320340
0.636506
0.282196
0.496131
0.749958
0.942405
0.482671
0.734072
0.773853
0.807124
0.959022
0.738325
0.030127
0.086566
0.460857
0.716763
0.378819
0.147792
0.458319
0.938793
0.599590
0.327090
-0.006371
0.795684
0.898447
0.316908
0.192147
0.548620
0.679593
0.086299
0.772130
0.981737
0.727739
0.055993
0.483020
0.473373
0.000977
0.980780
0.209226
0.780232
0.787647
0.165512
0.522515
0.817393
0.257281
0.984665
0.541630
0.633482
0.153963
0.855049
0.585616
0.747992
0.314172
0.576439
0.536761
0.216589
0.904166
0.720157
0.775977
0.568365
0.811234
0.531602
0.565384
0.557227
0.492959
0.060605
0.008315
0.625614
0.043103
0.219833
0.401987
0.825859
0.393526
0.924279
0.647045
0.650020
0.906531
0.172708
0.276932
-0.359890
0.169283
0.866018
0.789908
0.486455
0.437773
0.321094
0.699384
0.345878
0.042292
0.473725
0.915288
0.866269
0.003712
0.484865
-0.018102
0.637359
0.541068
0.420065
0.256643
0.576616
0.645916
0.663530
0.406880
0.034884
0.588836
0.052602
0.684625
0.499768
0.237612
0.971178
0.550660
0.412969
0.835111
0.340183
0.901976
0.276915
0.663224
0.605125
0.619287
0.714775
0.078849
0.535277
0.580723
0.100511
0.013965
0.988296
0.739156
0.551459
0.410316
0.999550
0.128067
0.053014
0.663185
0.534454
0.089115
0.252544
0.590157
0.774430
0.750171
0.830607
0.745083
0.301717
0.244513
0.580459
0.641821
0.144248
0.857030
0.307246
0.750224
0.021382
0.829830
0.012478
0.602226
0.931482
0.025602
0.590570
0.671098
0.576724
0.000825
0.670737
0.705314
0.054396
0.333880
0.240120
0.143599
0.586291
0.829728
0.917979
0.338199
0.659901
0.663394
0.640800
0.904326
0.243758
0.283321
0.050967
0.101735
0.590354
0.802262
0.579678
0.612152
0.632015
0.591647
0.214373
0.563550
0.616955
0.804975
0.234686
0.193679
0.805799
0.905452
0.899026
0.860237
0.239309
0.139221
0.003858
0.825596
0.968939
0.921818
0.163891
0.628839
0.585226
0.804598
0.533166
0.828987
0.087897
0.584123
0.930725
0.678268
0.386393
0.510405
0.290426
0.018410
0.102029
0.504804
0.581959
0.719000
0.309773
0.816646
0.912683
0.115553
0.722087
0.811709
0.975804
0.961406
0.950933
0.979668
0.787102
0.918781
0.901792
0.950682
0.548453
0.486793
0.755465
0.081584
0.315494
0.843124
0.666122
0.246006
0.521570
0.052662
0.757062
0.805617
0.103105
0.848969
0.330199
0.666386
0.572970
0.624649
0.476109
0.502011
0.756282
0.178190
0.327033
0.721854
0.149427
0.243550
0.695597
0.943960
0.179723
0.602302
0.893625
0.717205
0.083622
0.644020
0.802419
0.403037
0.482446
0.471501
0.641166
0.005516
0.502789
0.405668
0.823473
0.556290
0.265808
0.135444
0.245980
0.841816
0.763525
0.713925
0.333187
0.502781
0.907526
0.628742
0.223100
0.031139
0.886686
0.971098
0.921434
0.078447
0.529098
0.891482
0.781256
0.609600
0.536998
0.604095
0.002089
0.052815
0.047899
0.655370
-0.047051
0.546071
0.151439
0.706386
0.192015
0.348929
0.993982
0.401109
0.162795
0.768528
0.158386
0.472831
0.312046
0.017059
0.118350
0.361723
0.054740
0.097800
0.132251
0.111243
0.112665
0.942137
0.969010
0.860790
0.557271
0.547356
0.429649
0.600001
0.531877
0.493814
0.102805
0.563714
0.118409
-0.160224
0.456432
0.272824
0.614934
0.440226
0.675158
0.791572
0.227256
0.796253
0.311218
0.479278
0.839557
0.349054
0.986199
0.944838
0.445713
0.412333
0.039145
0.530930
0.359512
0.026578
0.397931
0.916698
0.549909
0.851761
0.484393
0.099224
0.344833
0.711281
0.684912
0.447881
0.001147
0.130216
0.705766
0.618765
0.575795
0.380339
0.404734
0.786859
0.186744
0.692563
0.272351
0.033234
0.115767
0.258284
0.974081
0.562388
0.669549
0.013560
0.093375
0.029016
0.040275
0.491177
0.945766
0.590578
0.342325
0.430421
0.690139
0.702648
0.141574
0.375684
0.150179
0.142924
0.506247
0.855968
0.761636
0.082103
0.236480
0.166721
0.868863
0.423475
0.141053
0.455155
0.974993
0.399420
0.429182
0.537407
0.069018
0.442740
0.630773
0.098057
0.483083
0.122013
0.043817
0.073716
0.464353
0.474219
0.763811
0.166998
0.615842
0.139216
0.317206
0.758790
0.645464
0.173174
0.520451
0.727586
0.409687
0.687151
0.596504
0.833182
0.546393
0.737555
0.288326
0.521386
0.136975
0.717508
0.058793
0.205993
0.160248
0.689566
0.304050
0.643331
0.811579
0.347868
0.717047
0.275933
0.822086
0.480859
0.442931
0.437928
0.620075
0.760137
0.196719
0.265539
0.933311
0.717170
0.993125
0.342998
0.404321
0.589629
0.176179
0.950714
0.327184
0.464505
0.472099
0.464159
0.182014
0.530892
0.670152
0.342262
0.220459
0.974202
0.985593
0.032038
0.322070
0.702641
0.307971
0.144616
0.183129
0.751281
0.582085
0.803545
0.511094
0.779071
0.069177
0.444330
0.495924
0.062536
0.787181
0.900336
0.652067
0.963751
0.851053
0.978935
0.428440
0.322925
0.442914
0.610117
0.854063
0.113332
0.952284
0.074257
0.087684
0.937818
0.106544
0.409764
0.640860
0.414553
0.553305
0.824511
0.165003
0.135217
0.627732
0.676493
0.914640
0.696672
0.120134
0.411140
0.758619
0.908277
0.311213
0.411988
0.871692
0.161520
0.390039
0.299344
0.484667
0.833154
0.909753
0.339025
0.946415
0.861637
0.413951
0.033693
0.800072
0.520229
0.444767
0.440678
0.933925
0.997561
0.264240
0.099587
0.133413
0.892181
0.776267
0.047936
0.588735
0.897140
0.458217
0.347884
0.805221
0.769936
0.758852
0.676259
0.931704
0.148228
0.976189
0.416689
0.981688
0.886105
0.755595
0.927966
0.748257
0.168736
0.962164
0.548178
0.689566
0.405786
0.988506
0.623674
0.403237
0.253006
0.723519
0.536564
0.145122
0.499773
0.584568
0.733968
0.396784
0.043222
0.081783
0.201907
0.812821
0.840433
0.878644
0.744372
0.988972
0.855051
0.160982
0.970610
0.741167
0.916649
0.898709
0.489298
0.085831
0.860834
0.037347
0.775025
0.266620
0.025853
0.398698
0.669857
0.278859
0.122217
0.206421
0.423981
0.621990
0.790989
0.157949
0.018774
0.834212
0.239732
0.220673
0.647033
0.080166
0.099316
0.391405
0.069138
0.954368
0.552387
0.039747
0.695535
0.469035
0.938456
0.184833
0.554866
0.799290
0.222180
0.329892
0.065910
0.248033
0.728589
0.735767
0.526892
0.850806
0.942188
0.950873
0.472796
0.733178
0.108823
0.491571
0.567389
0.348555
0.712244
0.214422
0.428720
0.811560
0.605827
0.497858
0.765928
0.158214
0.537606
0.461462
0.627250
0.476062
0.646295
0.275352
0.868475
0.512008
0.341262
0.116508
0.240597
0.077029
0.643400
0.091403
0.019217
0.594273
0.564199
0.752395
0.703096
0.055770
0.319784
0.051651
0.768013
0.534206
0.480371
0.579573
0.140033
0.978229
0.345501
0.298248
0.515835
0.806963
0.925497
0.991897
0.453259
0.107613
0.267249
0.321734
0.619621
0.608510
0.438242
0.860217
0.685539
0.081642
0.951620
0.704757
0.675915
0.515819
0.457151
0.379011
0.571589
0.776935
0.430662
0.339602
0.311141
0.911033
0.919176
0.451175
0.889262
0.264676
0.749422
0.405098
0.071640
0.674919
0.396995
0.524898
0.782533
0.664243
0.846632
0.402153
0.272754
0.284874
0.262371
0.958293
0.366516
0.213991
0.663049
0.042431
0.729810
0.120201
0.421442
0.301399
0.897136
0.852104
0.641001
0.208278
0.763137
0.560176
0.659452
0.652399
0.824853
0.408875
0.057497
0.896493
0.083794
0.454491
0.421391
0.866327
0.118735
0.268023
0.268480
0.391488
0.552897
0.530851
0.349781
0.919412
0.744841
0.012830
0.961843
0.474651
0.133031
0.383285
0.776050
0.030167
0.235388
0.417051
0.238445
0.998525
0.977227
0.897897
0.650924
0.802080
0.306772
0.708421
0.698573
0.390566
0.162912
0.119964
0.256893
0.281647
0.387987
0.525373
0.673135
0.940884
0.056223
0.022916
0.860296
0.801065
0.035746
0.822139
0.275716
0.168778
0.205424
0.051766
0.198940
0.440813
0.468817
0.437390
0.439338
0.446045
0.335287
0.090262
0.248125
0.642059
0.798683
0.946698
0.032625
0.961596
0.066662
0.289518
0.243243
0.454649
0.814890
0.916378
0.395532
0.871113
0.939294
0.255828
0.672178
0.975040
0.077968
0.947894
0.143818
0.283392
0.999660
0.342763
0.724205
0.468477
0.780153
0.163543
0.914522
0.115440
0.253805
0.162647
0.757500
0.052488
0.109345
0.790125
0.014084
0.176006
0.079642
0.257327
0.630655
0.894532
0.173704
0.026187
0.765645
0.112998
0.282016
0.437823
0.088038
0.359984
0.385717
0.231855
0.643376
0.385378
0.574618
0.367581
0.853855
0.354771
0.531124
0.768377
0.470211
0.784929
0.931024
0.227711
0.837417
0.040368
0.017835
0.851502
0.216375
0.097478
0.108828
0.847030
0.992010
0.282532
0.873217
0.757655
0.395530
0.155233
0.195478
0.483568
0.515216
0.581196
0.715423
0.158592
0.966573
0.290041
0.526173
0.820428
0.644812
0.057297
0.588805
0.115024
0.842226
0.519828
0.342735
0.679643
0.560197
0.360570
0.531144
0.776571
0.458048
0.639973
0.623601
0.450057
0.922505
0.496818
0.207712
0.318035
0.652051
0.238145
-0.316683
1.594484
0.041107
-0.155588
0.092455
0.182303
-0.236456
-0.285410
-0.156187
0.547370
-0.271807
0.187996
0.263991
0.393971
